  0.000    1.142828    1.142828    1.142828    1.142828    1.142828    1.142828    1.142828    1.142828
  0.000    1.158755    1.143869    1.128745    1.132221    1.139039    1.148588    1.112795    1.172039
  1.000    1.185550    1.132556    1.127266    1.144054    1.156935    1.131915    1.135374    1.207563
  2.000    1.214885    1.109923    1.116956    1.154606    1.175289    1.113268    1.134942    1.235008
  3.000    1.241415    1.090633    1.097246    1.161116    1.171321    1.095706    1.120910    1.276154
  4.000    1.282500    1.068350    1.080375    1.179091    1.134421    1.087701    1.108926    1.316942
  5.000    1.314712    1.044765    1.076805    1.197763    1.093172    1.097805    1.111435    1.358028
  6.000    1.338298    1.031243    1.078720    1.206271    1.047764    1.124981    1.109183    1.392018
  7.000    1.357080    1.029429    1.081918    1.214145    1.072923    1.083153    1.106867    1.414856
  8.000    1.363810    1.039310    1.087248    1.217386    1.096495    1.071769    1.098681    1.416243
  9.000    1.369591    1.059128    1.101103    1.218110    1.159459    1.111826    1.076580    1.421137
 10.000    1.369847    1.084162    1.128098    1.218546    1.174630    1.159118    1.045502    1.423919
 11.000    1.361928    1.107659    1.165710    1.215187    1.148042    1.161424    1.014852    1.422568
 12.000    1.350511    1.125645    1.208754    1.197863    1.106038    1.157170    1.002145    1.422815
 13.000    1.314113    1.136383    1.251749    1.169227    1.086604    1.138889    1.018748    1.431153
 14.000    1.253332    1.141454    1.291287    1.131052    1.097606    1.121662    1.059621    1.441493
 15.000    1.185308    1.142112    1.319131    1.094854    1.139587    1.102985    1.113642    1.431514
 16.000    1.116676    1.137976    1.322909    1.073431    1.185544    1.034395    1.168117    1.397034
 17.000    1.038931    1.136099    1.299743    1.075189    1.195369    0.892652    1.202313    1.341910
 18.000    0.973860    1.142262    1.248757    1.091616    1.157922    0.862309    1.201292    1.273032
 19.000    0.945445    1.158383    1.164129    1.117795    1.094230    0.976372    1.168001    1.219594
 20.000    0.961637    1.183242    1.063974    1.150774    1.028272    1.184943    1.110773    1.182737
 21.000    1.047300    1.212906    0.999322    1.185302    0.994922    1.398831    1.046718    1.154577
 22.000    1.171824    1.240559    0.998303    1.207851    1.015326    1.591281    0.991471    1.131385
 23.000    1.253766    1.256230    1.058414    1.198637    1.059139    1.757325    0.966065    1.129027
 24.000    1.281645    1.245503    1.162183    1.167959    1.046856    1.919158    0.998791    1.168239
 25.000    1.268219    1.197276    1.274384    1.142706    0.965701    2.064021    1.085929    1.222023
 26.000    1.218612    1.116536    1.360864    1.120883    0.905205    2.246720    1.187377    1.263755
 27.000    1.152614    1.028662    1.410403    1.109365    0.980403    2.257064    1.246316    1.298695
 28.000    1.081772    0.958170    1.422453    1.115639    1.130873    2.257064    1.262832    1.317790
 29.000    1.018200    0.937422    1.422453    1.142515    1.210245    2.257064    1.248106    1.329652
 30.000    0.968066    0.995919    1.422453    1.200682    1.189621    2.257064    1.205904    1.355346
 31.000    0.952415    1.101520    1.422453    1.267851    1.188208    2.257064    1.127298    1.385427
 32.000    0.990963    1.154733    1.422453    1.311978    1.272663    2.257064    1.022990    1.400856
 33.000    1.065480    1.154733    1.422453    1.319726    1.357370    2.257064    0.922134    1.386175
 34.000    1.148416    1.154733    1.422453    1.300384    1.350618    2.257064    0.894884    1.348356
 35.000    1.212427    1.154733    1.422453    1.272296    1.328539    2.257064    0.964849    1.287204
 36.000    1.232301    1.154733    1.422453    1.238804    1.345229    2.257064    1.095129    1.229489
 37.000    1.197967    1.154733    1.422453    1.203736    1.366884    2.257064    1.217288    1.163638
 38.000    1.120598    1.154733    1.422453    1.174929    1.345607    2.257064    1.293458    1.059123
 39.000    1.022287    1.154733    1.422453    1.164033    1.284223    2.257064    1.317380    0.950021
 40.000    0.935624    1.154733    1.422453    1.172976    1.177820    2.257064    1.286945    0.871941
 41.000    0.916450    1.154733    1.422453    1.192608    1.040352    2.257064    1.209187    0.841941
 42.000    0.974826    1.154733    1.422453    1.217292    0.923364    2.257064    1.100772    0.884618
 43.000    1.070059    1.154733    1.422453    1.243789    0.873916    2.257064    0.984096    0.994802
 44.000    1.148978    1.154733    1.422453    1.268088    0.904577    2.257064    0.898068    1.138601
 45.000    1.183073    1.154733    1.422453    1.309249    0.998268    2.257064    0.870299    1.280169
 46.000    1.216526    1.154733    1.422453    1.358719    1.150068    2.257064    0.956042    1.381822
 47.000    1.252330    1.154733    1.422453    1.430654    1.279012    2.257064    1.124082    1.421314
 48.000    1.230795    1.154733    1.422453    1.523013    1.337725    2.257064    1.265722    1.396988
 49.000    1.172719    1.154733    1.422453    1.618502    1.379142    2.257064    1.355487    1.315205
 50.000    1.090471    1.154733    1.422453    1.721634    1.432486    2.257064    1.386451    1.196241
 51.000    1.007330    1.154733    1.422453    1.838520    1.490550    2.257064    1.354834    1.065264
 52.000    0.968601    1.154733    1.422453    1.972477    1.534493    2.257064    1.270152    0.946873
 53.000    1.017121    1.154733    1.422453    2.112549    1.557377    2.257064    1.149306    0.866220
 54.000    1.156801    1.154733    1.422453    2.260752    1.560383    2.257064    1.002975    0.851262
 55.000    1.315896    1.154733    1.422453    2.409995    1.560383    2.257064    0.875915    0.933303
 56.000    1.429545    1.154733    1.422453    2.562164    1.560383    2.257064    0.859962    1.142686
 57.000    1.493546    1.154733    1.422453    2.732105    1.560383    2.257064    0.970247    1.292062
 58.000    1.505037    1.154733    1.422453    2.957666    1.560383    2.257064    1.141251    1.272686
 59.000    1.468467    1.154733    1.422453    3.085371    1.560383    2.257064    1.281029    1.244617
 60.000    1.452834    1.154733    1.422453    3.085371    1.560383    2.257064    1.359307    1.235564
 61.000    1.452834    1.154733    1.422453    3.085371    1.560383    2.257064    1.371784    1.231467
 62.000    1.452834    1.154733    1.422453    3.085371    1.560383    2.257064    1.317475    1.235445
 63.000    1.452834    1.154733    1.422453    3.085371    1.560383    2.257064    1.209687    1.247394
 64.000    1.452834    1.154733    1.422453    3.085371    1.560383    2.257064    1.061223    1.251759
 65.000    1.452834    1.154733    1.422453    3.085371    1.560383    2.257064    0.902004    1.244552
 66.000    1.452834    1.154733    1.422453    3.085371    1.560383    2.257064    0.840093    1.213681
 67.000    1.452834    1.154733    1.422453    3.085371    1.560383    2.257064    0.980578    1.152348
 68.000    1.452834    1.154733    1.422453    3.085371    1.560383    2.257064    1.181095    1.062582
 69.000    1.452834    1.154733    1.422453    3.085371    1.560383    2.257064    1.338098    0.986777
 70.000    1.452834    1.154733    1.422453    3.085371    1.560383    2.257064    1.418962    0.952351
 71.000    1.452834    1.154733    1.422453    3.085371    1.560383    2.257064    1.398560    0.989609
 72.000    1.452834    1.154733    1.422453    3.085371    1.560383    2.257064    1.284156    1.099725
 73.000    1.452834    1.154733    1.422453    3.085371    1.560383    2.257064    1.118120    1.296408
 74.000    1.452834    1.154733    1.422453    3.085371    1.560383    2.257064    0.946110    1.476385
 75.000    1.452834    1.154733    1.422453    3.085371    1.560383    2.257064    0.830082    1.602698
 76.000    1.452834    1.154733    1.422453    3.085371    1.560383    2.257064    0.844562    1.656510
 77.000    1.452834    1.154733    1.422453    3.085371    1.560383    2.257064    1.069752    1.594177
 78.000    1.452834    1.154733    1.422453    3.085371    1.560383    2.257064    1.332346    1.396612
 79.000    1.452834    1.154733    1.422453    3.085371    1.560383    2.257064    1.542463    1.101837
 80.000    1.452834    1.154733    1.422453    3.085371    1.560383    2.257064    1.714436    0.788844
 81.000    1.452834    1.154733    1.422453    3.085371    1.560383    2.257064    1.892804    0.703857
 82.000    1.452834    1.154733    1.422453    3.085371    1.560383    2.257064    2.121232    1.070335
 83.000    1.452834    1.154733    1.422453    3.085371    1.560383    2.257064    2.422838    1.166033
 84.000    1.452834    1.154733    1.422453    3.085371    1.560383    2.257064    2.723105    1.166033
 85.000    1.452834    1.154733    1.422453    3.085371    1.560383    2.257064    3.018748    1.166033
 86.000    1.452834    1.154733    1.422453    3.085371    1.560383    2.257064    3.315473    1.166033
 87.000    1.452834    1.154733    1.422453    3.085371    1.560383    2.257064    3.612020    1.166033
 88.000    1.452834    1.154733    1.422453    3.085371    1.560383    2.257064    3.822244    1.166033
 89.000    1.452834    1.154733    1.422453    3.085371    1.560383    2.257064    3.822244    1.166033
